$ 1 0.000005 382.76258214399064 50 5 43 5e-11
R 400 272 272 272 0 1 40 1 0 0 0.5
r 400 352 400 400 0 100000
r 400 400 400 464 0 100000
r 480 304 480 384 0 50000
R 400 352 336 352 0 0 40 3.3 0 0 0.5
g 400 464 400 512 0 0
w 400 400 480 400 0
w 480 400 480 384 0
w 400 272 416 272 0
w 480 304 480 272 0
c 416 272 480 272 0 0.000009999999999999999 -1.626207631418616 0.001
w 480 272 560 272 0
a 624 288 752 288 8 5 0 1000000 1.6500168946370561 1.65 100000
r 560 272 624 272 0 10000
r 640 208 752 208 0 10000
w 640 208 624 208 0
w 624 208 624 272 0
w 752 208 752 288 0
w 752 288 832 288 0
R 624 304 576 304 0 0 40 1.65 0 0 0.5
a 624 432 752 432 9 5 0 1000000 2.4894975998983133 2.4894974948743123 100000
w 560 416 624 416 0
w 752 432 800 432 0
w 560 416 560 272 0
w 624 448 624 496 0
w 624 496 752 496 0
w 752 496 752 432 0
o 22 64 0 12290 2.648945082392886 0.0001 0 2 22 3
o 18 64 0 12290 2.6659940105313655 0.0001 0 2 18 3
